[gd_scene load_steps=14 format=2]

[ext_resource path="res://Assets/House Stuff/house.tscn" type="PackedScene" id=1]
[ext_resource path="res://House Furniture/Table.tscn" type="PackedScene" id=2]
[ext_resource path="res://House Furniture/Bookcase.tscn" type="PackedScene" id=3]
[ext_resource path="res://House Furniture/Cabinet.tscn" type="PackedScene" id=4]
[ext_resource path="res://House Furniture/Chair.tscn" type="PackedScene" id=5]
[ext_resource path="res://House Furniture/Couch.tscn" type="PackedScene" id=6]
[ext_resource path="res://House Furniture/FurnishedHouse.gd" type="Script" id=7]
[ext_resource path="res://Fotos/MapButton.png" type="Texture" id=8]
[ext_resource path="res://House Furniture/Bed.tscn" type="PackedScene" id=9]
[ext_resource path="res://House Furniture/MapButton.gd" type="Script" id=10]
[ext_resource path="res://House Furniture/FurnitureManager.tscn" type="PackedScene" id=11]

[sub_resource type="ProceduralSky" id=1]

[sub_resource type="Environment" id=2]
background_mode = 3
background_sky = SubResource( 1 )
background_color = Color( 0.662745, 0.576471, 0.458824, 1 )

[node name="FurnishedHouse" type="Spatial"]
script = ExtResource( 7 )
availableFurniture = [ "Bed", "Chair", "Cabinet", "Bookcase", "Couch", "Table" ]

[node name="house" parent="." instance=ExtResource( 1 )]
transform = Transform( 0.999986, -0.00525342, 0, 0.00525342, 0.999986, 0, 0, 0, 1, 0.127869, -0.105949, 0.0625839 )

[node name="SpotLight" type="SpotLight" parent="."]
transform = Transform( 1, 0, 0, 0, -4.37114e-08, 1, 0, -1, -4.37114e-08, 20.3708, 23.0421, -3.07204 )
light_energy = 4.57
spot_range = 100.6
spot_attenuation = 0.993345
spot_angle = 93.1
spot_angle_attenuation = 4.92458

[node name="SpotLight2" type="SpotLight" parent="."]
transform = Transform( 1, 0, 0, 0, -4.37114e-08, 1, 0, -1, -4.37114e-08, 20.3708, 44.9893, -3.07204 )
layers = 524288
light_energy = 4.57
spot_range = 100.6
spot_attenuation = 1.14106
spot_angle = 93.1
spot_angle_attenuation = 4.92458

[node name="SpotLight3" type="SpotLight" parent="."]
transform = Transform( 1, 0, 0, 0, -4.37114e-08, 1, 0, -1, -4.37114e-08, 20.3708, 66.0937, -3.07204 )
light_energy = 4.57
spot_range = 100.6
spot_attenuation = 0.351202
spot_angle = 93.1
spot_angle_attenuation = 4.92458

[node name="Camera" type="Camera" parent="."]
transform = Transform( 1, 0, 0, 0, 0.956666, 0.291186, 0, -0.291186, 0.956666, 19.0099, 49.1075, 51.1998 )
environment = SubResource( 2 )
fov = 65.0

[node name="Bed" parent="." instance=ExtResource( 9 )]
transform = Transform( -0.774304, 0, 0.632814, 0, 1, 0, -0.632814, 0, -0.774304, 6.057, 4, 1.885 )

[node name="Chair" parent="." instance=ExtResource( 5 )]
transform = Transform( 0.729172, 0, -0.684331, 0, 1, 0, 0.684331, 0, 0.729172, 36.3445, 4, 3.1739 )

[node name="Cabinet" parent="." instance=ExtResource( 4 )]
transform = Transform( 0.90619, 0, 0.422871, 0, 1, 0, -0.422871, 0, 0.90619, 4.003, 28.6056, 4.121 )

[node name="Bookcase" parent="." instance=ExtResource( 3 )]
transform = Transform( 0.960513, 0, -0.278237, 0, 1, 0, 0.278237, 0, 0.960513, 35.06, 31, 0 )

[node name="Couch" parent="." instance=ExtResource( 6 )]
transform = Transform( 0.865256, 0, 0.50133, 0, 1, 0, -0.50133, 0, 0.865256, 3.249, 52.5754, 1.802 )

[node name="Table" parent="." instance=ExtResource( 2 )]
transform = Transform( 0.852175, 0, -0.523257, 0, 1, 0, 0.523257, 0, 0.852175, 37.0296, 49.9981, 1.72493 )

[node name="CanvasLayer" type="CanvasLayer" parent="."]

[node name="MapButton" type="TextureButton" parent="CanvasLayer"]
anchor_left = 0.864
anchor_top = 0.067
anchor_right = 0.962
anchor_bottom = 0.227
margin_left = -0.128357
margin_top = -3.75057
margin_right = -0.480408
margin_bottom = 0.24942
texture_normal = ExtResource( 8 )
script = ExtResource( 10 )
__meta__ = {
"_edit_use_anchors_": false
}

[node name="FurnitureManager" parent="." instance=ExtResource( 11 )]

[connection signal="pressed" from="CanvasLayer/MapButton" to="CanvasLayer/MapButton" method="back_to_map"]
